BoCsin_InSys_L1_num = [ ...
    3.000 0.500;
    3.250 0.500;
    3.500 0.500;
    3.750 0.500;
    4.000 0.500;
    4.250 0.500;
    4.500 0.500;
    4.750 0.500;    
    5.000 0.500;
    5.250 0.500;    
    5.500 0.500;
    5.750 0.500;
    6.000 0.500;
    6.250 0.500;
    6.500 0.500;
    6.750 0.500;
    3.000 0.750;
    3.375 0.750;
    3.750 0.750;
    4.125 0.750;
    4.500 0.750;
    4.875 0.750;
    5.250 0.750;
    5.625 0.750;
    6.000 0.750;
    6.375 0.750;
    3.500 1.000;
    4.500 1.000;
    5.000 1.000;
    5.500 1.000;
    6.000 1.000;
    6.500 1.000;
    3.125 1.250;
    4.375 1.250;
    5.000 1.250;
    5.625 1.250;
    4.500 1.500;
    5.250 1.500;
    6.000 1.500;
    4.375 1.750;
    5.250 1.750;
    6.125 1.750;
    5.000 2.000;
    4.500 2.250;
    5.625 2.250;
    5.000 2.500;
    5.500 2.750;
    4.500 3.000;
    0.500 0.500;
    0.750 0.500;
    1.000 0.500;
    1.250 0.500;
    1.500 0.500;
    0.750 0.750;
    1.125 0.750;
    1.000 1.000 ];

BoCsin_Freq_L1_num = [ ...
    3.000 0.500 1570;
    3.250 0.500 1563;
    3.500 0.500 1562;
    3.500 0.500 1569;
    3.750 0.500 1568;
    4.000 0.500 1568;
    4.250 0.500 1567;
    4.500 0.500 1567;
    4.750 0.500 1566;    
    5.000 0.500 1566;
    5.250 0.500 1565;    
    5.500 0.500 1564;
    5.500 0.500 1565;
    5.750 0.500 1564;
    6.000 0.500 1564;
    6.250 0.500 1564;
    6.500 0.500 1565;
    6.750 0.500 1565;
    3.000 0.750 1564;
    3.375 0.750 1562;
    3.750 0.750 1568;
    4.125 0.750 1568;
    4.500 0.750 1567;
    4.875 0.750 1566;
    5.250 0.750 1564;
    5.250 0.750 1565;
    5.625 0.750 1565;
    6.000 0.750 1564;
    6.375 0.750 1565;
    3.500 1.000 1562;
    4.500 1.000 1567;
    5.000 1.000 1566;
    5.500 1.000 1565;
    6.000 1.000 1565;
    6.500 1.000 1565;
    3.125 1.250 1563;
    4.375 1.250 1567;
    5.000 1.250 1566;
    5.625 1.250 1565;
    4.500 1.500 1567;
    5.250 1.500 1565;
    6.000 1.500 1565;
    4.375 1.750 1567;
    5.250 1.750 1565;
    6.125 1.750 1564;
    5.000 2.000 1566;
    4.500 2.250 1566;
    5.625 2.250 1565;
    5.000 2.500 1565;
    5.500 2.750 1566;
    4.500 3.000 1567;
    0.500 0.500 1559;
    0.750 0.500 1559;
    1.000 0.500 1559;
    1.250 0.500 1559;
    1.500 0.500 1560;
    0.750 0.750 1559;
    1.125 0.750 1559;
    1.000 1.000 1560 ];


BoCcos_InSys_L1_num = [ ...
    2.500 0.500;
    2.750 0.500;
    3.000 0.500;
    3.250 0.500;
    3.500 0.500;
    3.750 0.500;
    2.625 0.750;
    3.000 0.750;
    3.375 0.750;
    3.750 0.750;
    3.000 1.000;
    3.500 1.000;
    3.125 1.250;
    0.500 0.500;
    0.750 0.500;
    1.000 0.500;
    1.250 0.500;
    1.500 0.500;
    0.750 0.750;
    1.125 0.750;
    1.000 1.000 ];

BoCcos_Freq_L1_num = [ ...
    2.500 0.500 1566;
    2.750 0.500 1565;
    3.000 0.500 1564;
    3.250 0.500 1563;
    3.500 0.500 1562;
    3.750 0.500 1562;
    2.625 0.750 1565;
    3.000 0.750 1564;
    3.375 0.750 1561;
    3.750 0.750 1562;
    3.000 1.000 1564;
    3.500 1.000 1562;
    3.125 1.250 1563;
    0.500 0.500 1559;
    0.750 0.500 1559;
    1.000 0.500 1559;
    1.250 0.500 1559;
    1.500 0.500 1560;
    0.750 0.750 1559;
    1.125 0.750 1559;
    1.000 1.000 1560 ];    


BPSK_Freq_L1_num = [ ...
    0.500 1558; 
    0.750 1558; 
    1.000 1559; 
    1.500 1559; 
    2.000 1560 ];